[gd_scene load_steps=15 format=3 uid="uid://27jneqkspdv0"]

[ext_resource type="Shader" path="res://Shaders/3D/first3d.gdshader" id="1_ftnhs"]

[sub_resource type="FastNoiseLite" id="FastNoiseLite_co4r4"]

[sub_resource type="NoiseTexture2D" id="NoiseTexture2D_gbcwl"]
noise = SubResource("FastNoiseLite_co4r4")

[sub_resource type="FastNoiseLite" id="FastNoiseLite_luj1a"]

[sub_resource type="NoiseTexture2D" id="NoiseTexture2D_ajtd1"]
as_normal_map = true
noise = SubResource("FastNoiseLite_luj1a")

[sub_resource type="ShaderMaterial" id="ShaderMaterial_tk6nc"]
render_priority = 0
shader = ExtResource("1_ftnhs")
shader_parameter/height_scale = 0.39
shader_parameter/noise = SubResource("NoiseTexture2D_gbcwl")
shader_parameter/normalmap = SubResource("NoiseTexture2D_ajtd1")

[sub_resource type="PlaneMesh" id="PlaneMesh_rlvai"]
material = SubResource("ShaderMaterial_tk6nc")
subdivide_width = 32
subdivide_depth = 32

[sub_resource type="FastNoiseLite" id="FastNoiseLite_xomk0"]

[sub_resource type="NoiseTexture2D" id="NoiseTexture2D_qv4gb"]
noise = SubResource("FastNoiseLite_xomk0")

[sub_resource type="FastNoiseLite" id="FastNoiseLite_g07ga"]

[sub_resource type="NoiseTexture2D" id="NoiseTexture2D_jtv3o"]
as_normal_map = true
noise = SubResource("FastNoiseLite_g07ga")

[sub_resource type="ShaderMaterial" id="ShaderMaterial_si7cr"]
render_priority = 0
shader = ExtResource("1_ftnhs")
shader_parameter/height_scale = 0.5
shader_parameter/noise = SubResource("NoiseTexture2D_qv4gb")
shader_parameter/normalmap = SubResource("NoiseTexture2D_jtv3o")

[sub_resource type="PlaneMesh" id="PlaneMesh_rddo0"]
material = SubResource("ShaderMaterial_si7cr")
size = Vector2(100, 100)
subdivide_width = 320
subdivide_depth = 320

[sub_resource type="TorusMesh" id="TorusMesh_m8f0l"]

[node name="3dShaders" type="Node3D"]

[node name="MeshInstance3D" type="MeshInstance3D" parent="."]
visible = false
mesh = SubResource("PlaneMesh_rlvai")

[node name="Plane" type="MeshInstance3D" parent="."]
mesh = SubResource("PlaneMesh_rddo0")

[node name="Torus" type="MeshInstance3D" parent="."]
transform = Transform3D(1, 0, 0, 0, 0.409684, 0.912227, 0, -0.912227, 0.409684, 0.0162771, 2.02318, -2.76211)
mesh = SubResource("TorusMesh_m8f0l")

[node name="OmniLight3D" type="OmniLight3D" parent="."]
transform = Transform3D(1, 0, 0, 0, 1, 0, 0, 0, 1, 0, 2.03615, 0)
light_energy = 3.229
omni_range = 32.87
omni_attenuation = 1.8025

[node name="Camera3D" type="Camera3D" parent="."]
transform = Transform3D(0.891003, -0.142381, 0.431093, -7.45058e-09, 0.94955, 0.313617, -0.453997, -0.279433, 0.846052, 2.64681, 2.90687, 4.3496)

[node name="DirectionalLight3D" type="DirectionalLight3D" parent="."]
transform = Transform3D(1, 0, 0, 0, 0.885231, 0.465151, 0, -0.465151, 0.885231, 0, 1.54279, 3)
visible = false
light_color = Color(0.960784, 0.917647, 0.811765, 1)
light_energy = 3.025
